1 27.8218 -9.5897 -1
2 18.2321 -9.20504 -1
3 9.41172 -2.39745 -1
4 13.4372 -2.19919 -1
5 5.01334 -0.74845 -1
6 11.9403 -0.73212 -1
7 3.5491 -0.80505 -1
8 10.3302 0.205605 1
9 3.96031 -1.23795 -1
10 7.8543 0.989075 1
11 5.93846 -1.74738 -1
12 4.35955 1.63138 1
13 9.20122 -2.18092 -1
14 -0.00229912 2.07854 1
15 13.3583 -2.43287 -1
16 -4.86803 2.27035 1
17 17.899 -2.42944 -1
18 -9.72691 2.163 1
19 22.225 -2.12979 -1
20 -13.9865 1.74055 1
21 25.7061 -1.5288 -1
22 -17.0441 1.0203 1
23 27.7467 -0.65825 -1
24 -18.3606 0.05445 1
25 27.8556 46.2162 1